image: coi_6th_floor.pgm
resolution: 0.10000
origin: [-220.000000, -220.000000, 0.000000]
negate: 0
occupied_thresh: 0.65
free_thresh: 0.196

