=1 / ( 1 + (( (x-.9) / .25 ) )^ 2*2  ) -1.0



v1_mean=  1.0009377553880423  v1_std= 0.24491569204461508
w1_mean=  0.0039778651403620064  w1_std= 0.27591405999612
a1_mean=  0.001649263303140995  a1_std= 0.6991866896940362
v2_mean=  0.9290703949018276  v2_std= 0.26023190425469966
w2_mean=  0.003810090870200178  w2_std= 0.2791194694801691
a2_mean=  0.00044159254509817594  a2_std= 0.5737334270636396
rel_v_mean=  0.202533788667778  rel_v_std= 0.19458861121849208
rel_w_mean=  0.15004803507943767  rel_w_std= 0.1563473259686396
rel_dist_mean=  1.425363217658637  rel_dist_std= 0.5457250771290508
rel_ang_mean=  0.03226109476912765  rel_ang_std= 1.7808082859057657